0.124859 114
0.000155 26
0.031002 110
0.000071 2
0.000045 36
0.000063 3
0.000241 7
0.000957 8
20.460744 232
0.169006 138
0.237104 28
0.462881 122
0.496192 71
0.520273 12
1.529978 43
0.492648 38
0.051952 43
0.059264 43
0.056816 27
0.048134 22
0.050111 22
0.051000 38
0.058854 27
0.052707 22
0.057848 75
0.047443 46
0.050659 57
0.062756 46
0.051805 105
0.684018 11
0.192795 18
0.065948 1
0.301220 10
0.163258 16
0.230523 16
0.207341 16
0.090186 16
0.256467 7
0.026189 8
0.000590 5
0.003449 142
0.190930 110
0.000191 2
0.000058 36
0.000079 3
0.000559 7
0.002086 8
1.032175 47
0.112248 18
0.058475 35
0.000254 7
0.003878 8
0.001250 1
0.000645 2
0.005249 1236
0.035951 151
0.000479 7
0.001261 8
2.223234 19
0.341406 22
0.095134 25
0.089143 1
0.793772 10
0.332727 16
0.166407 16
0.175869 16
0.900147 16
0.721929 7
0.003222 11
0.044958 58
0.000250 2
0.000279 270
0.000372 2
0.000148 62
0.000124 2
0.000128 57
0.000136 2
0.001692 58
0.000591 2
0.000244 305
0.000158 2
0.000121 49
0.000119 2
0.000116 33
0.000113 2
0.000313 31
0.000127 2
0.000895 307
0.000318 2
0.000189 63
0.000133 2
0.000304 34
0.000152 2
0.000147 32
0.000145 2
0.001330 307
0.000317 2
0.000179 39
0.000402 2
0.000443 34
0.000389 2
0.000233 32
0.000169 2
0.118291 114
0.000076 26
0.000125 2
0.033076 151
0.000257 7
0.000934 8
2.693215 94
0.195518 26
0.210427 344
1.153062 67
0.325858 30
0.223805 32
0.175037 62
0.161308 124
0.347609 44
0.153148 341
0.830104 19
0.359918 12
0.252085 94
0.179543 26
1.038404 344
0.245672 16
0.271265 16
0.102839 16
0.110166 83
0.506174 7
0.004950 11
0.001937 81
0.002240 33
0.112091 59
0.125062 60
0.000989 50
0.000208 142
0.035032 151
0.000123 7
0.000899 8
16.997084 17
0.699814 7
0.002027 11
0.001678 79
0.000037 2
0.001972 40
0.003006 142
0.121175 151
0.000438 7
0.002075 8
32.273024 49
0.084773 18
0.089056 6
1.435309 15
0.135219 21
0.261619 21
0.221188 21
0.091580 21
0.475897 7
0.004927 8
0.000382 3
0.002288 114
0.000108 26
0.000296 2
0.032571 151
0.000340 7
0.001141 8
15.517297 18
0.748668 1
0.688976 3
0.497525 27
0.056816 22
0.052538 22
0.069373 22
0.061520 22
0.045409 22
0.067467 34
0.031369 58
0.989065 55
0.681898 89
0.419520 7
0.006671 11
0.072462 60
0.000339 395
0.004074 486
0.001325 444
0.004146 420
0.090743 114
0.000291 28
0.041894 151
0.000516 7
0.001432 8
1.787731 47
0.134597 26
0.227176 27
0.794640 65
0.386135 7
0.003378 11
0.002841 81
0.001734 33
0.097027 60
0.124807 111
0.000485 114
0.000215 26
0.000101 2
0.037800 110
0.000235 2
0.000131 36
0.000135 3
0.000346 7
0.001996 8
15.764578 51
0.183005 127
0.114870 37
0.184547 47
1.222512 7
0.002862 11
